100
0 381 388 383 300 239 153 331 188 320 259 269 389 322 215 360 216 118 250 306 240 254 203 173 138 286 366 293 189 196 300 185 119 165 199 478 178 322 162 393 276 107 378 255 158 194 376 465 257 333 212 205 383 226 383 162 188 283 133 335 380 385 405 151 356 332 112 309 101 173 300 408 308 127 483 244 352 277 185 285 170 148 202 319 365 366 150 356 225 188 179 149 191 196 276 417 255 198 263 132
231 0 457 467 444 212 213 243 489 356 326 336 103 366 186 298 254 217 418 240 266 236 360 408 184 188 355 103 339 233 219 246 235 383 217 267 268 286 239 210 266 428 224 108 165 427 142 167 350 218 291 360 357 303 201 324 166 316 341 182 484 201 361 259 174 288 234 166 197 252 168 237 151 205 353 204 130 384 262 358 200 358 169 404 291 270 274 250 171 294 164 98 183 243 323 190 285 260 423 172
381 218 0 211 383 433 122 174 158 336 185 137 224 338 226 326 254 282 246 357 364 111 447 315 167 216 274 279 335 246 374 253 402 156 199 317 111 235 129 153 191 99 455 264 266 281 350 264 269 205 244 201 223 276 168 251 482 146 210 262 219 312 306 310 255 220 303 298 158 201 138 182 271 150 171 283 218 144 246 275 201 299 164 254 371 328 212 353 393 163 302 123 226 123 149 175 310 251 342 167
363 237 209 0 437 288 102 237 233 197 245 323 127 283 160 224 229 190 374 114 255 219 172 312 485 315 278 196 437 259 279 323 151 269 333 253 244 313 122 241 230 226 484 270 275 215 158 214 164 363 209 163 289 429 242 129 255 219 287 183 477 250 191 219 175 255 159 153 323 289 218 184 170 232 485 178 230 252 288 190 184 307 442 222 192 261 323 185 274 357 321 160 186 134 245 252 146 129 238 434
138 248 152 181 0 276 122 382 257 417 235 112 203 130 145 474 396 288 142 336 477 306 121 161 246 317 158 246 184 288 138 234 309 284 232 155 281 287 237 179 202 98 343 280 347 371 435 136 114 489 111 449 232 266 181 311 201 368 233 360 488 219 272 164 444 187 226 287 171 372 153 221 226 129 190 334 175 249 232 143 198 140 174 166 186 293 204 246 190 294 413 170 149 150 281 219 266 332 325 469
214 195 281 217 299 0 214 205 348 234 199 186 179 414 453 117 260 136 218 379 261 227 159 270 149 353 275 300 337 326 341 349 266 261 480 153 196 188 169 364 233 199 187 90 197 149 406 323 193 252 216 233 103 166 189 229 97 284 387 228 255 246 393 255 262 211 212 152 336 239 244 420 442 165 330 207 265 146 178 300 168 347 390 436 321 390 315 196 115 355 259 303 245 342 372 335 250 257 270 181
279 120 230 226 208 243 0 122 128 477 158 242 138 142 487 218 372 156 289 242 272 390 217 305 228 346 202 185 296 235 275 417 472 190 214 366 302 253 290 227 249 180 386 341 163 113 151 162 289 334 254 249 218 250 98 487 248 409 95 97 349 166 258 190 200 226 254 128 174 344 140 353 401 165 123 126 210 446 292 442 484 192 183 240 202 147 149 288 431 121 123 203 227 251 210 159 175 295 380 285
483 488 122 250 300 104 311 0 191 239 197 196 93 179 305 185 297 170 384 228 347 236 217 366 144 341 246 352 333 194 276 232 264 224 149 156 123 369 227 365 168 191 121 267 232 175 286 164 265 206 231 163 127 277 371 179 98 262 285 263 155 253 307 422 100 283 217 230 165 362 146 224 102 226 244 346 264 382 237 128 144 389 206 94 265 260 376 207 348 98 257 389 240 215 144 389 126 355 280 194
214 256 438 360 243 195 237 461 0 377 246 166 101 146 205 196 206 234 237 180 186 143 263 210 327 198 127 262 376 240 473 332 231 263 343 175 129 406 202 213 187 367 249 179 207 238 144 246 209 183 193 271 383 372 242 384 132 485 383 191 363 90 421 296 177 357 206 205 302 214 247 161 239 236 171 338 271 255 163 242 251 129 202 253 367 248 229 228 329 305 112 249 244 224 273 134 163 267 362 353
359 230 218 223 161 244 267 415 369 0 221 236 273 336 424 360 301 314 341 105 174 389 152 206 247 179 400 329 250 271 271 91 217 299 190 253 174 362 271 192 180 121 274 162 138 160 170 477 233 212 188 227 192 128 348 398 239 356 297 466 200 318 244 307 383 181 347 360 244 467 199 276 299 249 373 385 325 314 134 96 283 446 240 244 274 414 364 396 315 224 311 195 264 194 225 385 358 443 274 236
297 310 299 284 256 198 279 280 264 352 0 313 256 158 244 213 162 244 266 400 285 411 112 224 279 276 143 198 224 309 112 235 299 282 197 375 196 324 178 260 351 282 259 311 376 261 242 293 261 146 135 126 346 349 270 205 341 152 244 334 334 208 394 168 321 190 343 152 297 287 168 122 168 264 206 432 197 106 310 166 104 168 241 195 300 357 259 272 233 210 444 231 186 162 301 408 136 227 246 198
178 344 242 254 98 373 222 414 293 289 199 0 206 304 242 151 205 281 152 224 256 262 185 345 390 329 276 153 222 374 465 183 244 244 165 389 355 298 196 269 278 131 162 109 336 148 218 234 135 252 173 256 235 181 122 173 276 367 243 355 294 92 121 187 390 408 259 390 155 450 270 380 156 325 172 341 138 257 148 349 489 343 166 447 233 128 202 218 198 218 145 207 437 108 313 296 381 282 115 191
203 358 217 140 380 172 316 229 413 343 198 93 0 263 282 160 141 164 416 400 402 138 230 446 214 170 92 290 277 260 445 380 266 121 126 255 233 336 363 313 294 172 419 188 300 300 132 231 181 431 137 304 260 385 230 229 280 251 381 245 448 146 167 270 157 326 327 316 145 360 139 249 264 320 272 112 239 339 451 370 163 264 245 245 248 234 163 164 213 327 174 150 283 112 195 231 391 95 217 98
148 155 148 173 157 96 410 240 155 413 243 336 173 0 187 399 270 439 130 292 268 487 241 283 418 203 101 187 246 262 289 266 288 307 106 105 362 482 234 130 203 402 153 233 221 142 110 395 261 361 205 284 184 377 152 210 309 234 119 101 236 216 273 263 178 90 470 140 120 244 181 485 247 171 164 151 190 338 369 314 267 310 253 97 363 260 178 361 451 285 177 274 352 365 271 267 210 229 106 283
163 284 302 147 274 162 205 221 143 276 105 170 158 236 0 376 306 378 262 156 251 104 272 162 98 418 241 230 156 245 372 186 277 262 258 349 321 148 215 182 147 253 212 259 276 417 278 161 210 257 445 282 171 282 360 165 254 294 368 207 238 126 247 243 242 240 151 131 319 185 179 192 195 119 188 147 351 304 374 234 429 340 309 373 279 356 373 158 120 162 152 273 161 278 259 198 188 290 360 233
328 217 174 381 291 394 251 189 193 124 386 304 272 243 117 0 214 268 121 133 188 263 165 362 244 287 248 272 279 298 451 263 329 170 152 203 211 156 308 267 162 160 350 212 154 111 376 166 100 351 235 453 206 177 180 248 232 131 178 130 151 270 147 172 268 304 124 347 234 117 222 268 185 360 299 160 179 379 184 408 163 161 119 180 247 364 189 132 158 146 361 446 379 277 261 215 241 122 255 153
350 226 291 111 285 211 188 389 243 337 218 242 234 235 161 409 0 264 258 228 189 415 301 399 246 397 397 269 257 161 177 208 353 380 226 240 300 432 188 414 164 293 337 200 205 115 105 206 306 189 223 234 389 483 197 141 192 180 482 194 130 220 169 188 272 217 415 314 320 290 295 179 341 202 331 228 184 220 163 241 204 391 249 95 481 180 153 363 275 347 176 121 386 263 343 139 98 306 325 141
139 306 330 284 150 455 167 128 152 313 205 230 128 222 158 103 405 0 287 173 308 216 287 192 340 381 192 360 428 152 186 183 172 375 204 327 335 243 216 277 283 126 184 314 272 253 405 370 383 198 159 190 261 388 397 186 122 292 144 364 218 347 249 217 477 177 233 160 210 216 128 97 268 422 351 124 254 236 238 187 134 449 259 124 399 183 222 147 286 170 213 162 250 297 302 276 225 490 152 182
182 420 230 172 455 164 139 256 315 132 434 260 223 318 134 192 124 140 0 268 458 278 371 221 208 149 268 354 172 163 149 353 131 154 98 232 266 131 261 274 211 291 179 140 183 325 191 196 215 320 277 167 161 266 248 261 203 173 483 281 371 257 359 258 268 181 185 170 463 282 228 361 271 251 330 377 434 140 161 204 219 471 147 413 454 180 157 278 364 117 156 219 386 162 265 191 218 476 108 295
93 240 324 401 238 221 312 472 257 263 186 220 174 154 344 136 120 338 359 0 303 161 188 322 230 286 380 149 354 242 125 120 281 140 236 179 307 214 200 307 168 385 176 300 230 176 155 230 224 159 187 243 287 201 196 305 184 250 213 178 143 348 257 233 431 326 163 317 398 297 176 295 214 203 171 220 154 229 329 151 299 154 253 336 308 358 381 277 185 258 347 193 248 173 366 122 226 201 347 445
136 481 368 274 238 191 271 295 289 170 226 246 291 267 418 106 215 276 232 122 0 432 252 285 272 129 207 327 130 190 170 339 190 254 121 422 376 390 229 266 291 224 289 264 182 273 344 308 234 250 171 172 368 95 296 152 224 181 295 331 244 413 222 223 169 202 265 245 111 293 133 106 309 241 480 118 416 335 244 456 262 273 120 174 244 384 197 300 366 158 210 223 288 360 117 157 443 186 193 232
210 439 371 143 429 259 269 280 212 146 193 469 124 202 258 226 150 97 168 433 172 0 124 158 303 390 118 171 383 280 108 276 478 483 365 351 258 201 402 163 169 459 291 250 121 231 180 290 220 455 245 191 209 317 328 194 161 171 248 168 237 233 120 258 468 356 174 282 319 175 392 337 124 165 150 164 139 227 383 236 253 151 410 220 317 144 227 347 411 240 269 155 189 375 189 341 232 323 171 219
271 257 410 122 176 322 186 259 168 174 247 136 350 327 481 219 247 226 171 269 218 266 0 454 337 484 300 167 113 126 157 130 409 427 125 379 369 155 140 371 415 251 217 306 105 291 345 184 107 362 138 242 218 269 211 255 253 247 132 478 274 129 315 326 249 329 370 255 477 326 149 210 287 331 203 181 280 155 277 183 231 280 461 102 147 324 151 170 109 139 309 126 396 276 230 173 228 115 389 175
212 186 384 154 241 386 224 344 163 185 469 160 218 379 249 285 224 222 233 196 217 235 129 0 239 376 302 269 112 234 252 171 272 290 236 349 327 256 169 199 255 274 236 437 198 208 146 235 294 164 104 267 218 130 337 339 305 186 327 187 252 142 225 246 150 310 344 168 189 173 390 195 256 120 277 408 192 245 285 232 366 97 285 133 289 175 353 228 474 256 347 236 195 106 193 237 108 99 248 164
314 214 272 195 189 173 389 215 344 158 177 268 341 251 399 488 285 239 258 318 163 229 141 161 0 306 176 228 279 299 419 303 381 210 184 483 332 148 164 276 445 159 391 388 252 290 281 148 298 431 123 249 222 298 284 186 271 276 138 167 184 216 455 374 300 363 286 155 290 195 277 245 291 271 253 303 191 328 276 236 191 307 206 293 139 274 127 431 168 153 145 426 406 194 465 287 198 182 225 215
119 266 351 293 200 158 476 198 256 182 240 294 279 171 127 394 94 271 224 149 167 264 265 211 241 0 411 342 381 335 141 186 309 120 214 212 129 281 285 187 226 232 257 178 92 472 100 487 360 150 182 197 237 154 430 449 445 151 330 230 260 378 437 394 279 248 208 380 230 426 121 234 259 264 335 255 182 274 287 210 133 344 151 226 370 241 350 356 280 217 342 175 285 301 478 144 353 139 481 160
375 444 234 308 199 218 123 290 455 180 273 251 257 90 487 303 157 316 284 361 122 198 135 297 309 440 0 271 197 232 422 216 455 229 301 286 274 199 243 268 170 299 281 282 233 257 198 241 330 399 199 177 322 164 371 369 294 193 422 242 393 480 245 167 351 440 381 107 212 178 133 262 98 205 184 123 153 374 227 208 383 262 329 213 277 300 236 242 120 326 211 97 165 243 210 144 283 373 347 158
90 335 295 163 100 237 287 189 196 334 182 293 224 156 175 349 339 253 153 155 159 239 259 130 283 215 140 0 276 330 268 97 198 383 119 459 324 234 422 154 188 167 223 279 363 375 295 270 342 381 116 137 278 461 220 206 361 385 379 478 329 334 464 192 152 309 247 184 272 273 158 183 231 435 170 259 110 223 286 100 292 164 333 126 379 184 165 158 468 169 204 228 319 411 257 351 243 429 457 165
410 465 237 232 217 319 283 192 203 256 381 274 383 260 390 308 176 130 262 224 280 195 103 412 165 221 214 253 0 396 355 199 194 181 146 272 280 266 310 128 269 390 199 256 110 280 373 223 134 153 186 312 159 162 129 205 285 120 150 138 128 118 111 264 290 165 258 238 110 139 431 120 373 328 109 219 205 132 156 98 378 199 127 239 353 143 219 91 208 433 153 316 425 276 197 405 94 292 286 484
242 234 324 219 195 245 170 90 358 255 151 310 314 125 226 176 181 154 151 123 249 202 103 352 383 254 374 306 168 0 375 463 196 170 90 487 219 373 237 261 99 302 122 174 171 293 205 157 165 309 304 174 153 173 240 130 213 251 246 158 222 329 117 309 99 209 107 158 161 389 203 286 163 152 270 456 409 216 439 160 163 231 304 439 158 251 288 352 286 213 297 179 302 380 107 132 105 393 350 118
157 223 94 153 267 91 163 267 168 259 463 202 290 487 400 291 185 249 197 274 203 463 165 227 167 405 212 213 353 262 0 120 384 197 176 428 388 256 174 180 304 392 225 242 257 173 124 249 236 442 455 215 230 370 284 152 257 195 309 466 485 192 369 171 208 256 321 261 439 139 245 316 107 136 242 228 138 193 339 149 325 197 251 126 128 279 179 149 239 271 225 163 303 198 374 175 149 132 473 144
248 287 351 318 194 308 211 107 359 367 359 179 300 140 475 342 200 283 160 156 192 129 340 157 235 372 258 310 153 268 185 0 296 205 145 226 272 236 138 161 207 323 142 164 347 388 357 208 252 466 179 245 126 189 126 377 326 297 284 403 287 466 242 328 353 182 127 342 400 288 340 254 412 286 279 238 281 256 163 348 230 225 475 200 219 226 291 210 119 415 383 394 150 263 382 159 290 247 374 200
155 215 235 359 173 315 303 356 309 203 336 216 286 371 267 418 385 159 236 248 269 141 214 327 204 368 388 456 241 202 93 445 0 141 298 292 110 149 231 306 226 474 388 320 338 203 274 145 478 135 247 151 351 155 266 273 168 100 366 265 150 232 443 284 339 227 332 134 476 243 197 330 342 278 349 338 210 115 213 259 230 327 450 256 170 209 315 271 173 278 132 354 128 225 170 382 361 279 106 153
480 158 377 240 367 423 344 375 324 243 123 223 210 248 298 265 203 242 95 92 319 261 143 238 201 206 261 168 384 121 190 133 270 0 283 447 229 289 490 346 163 213 169 370 216 174 174 163 361 428 379 209 187 444 313 212 165 366 278 264 181 223 206 387 209 375 209 233 360 319 462 203 232 209 282 142 116 217 305 233 196 219 419 156 465 151 141 204 98 225 218 177 134 185 312 102 199 182 463 162
368 238 135 217 101 257 368 123 156 278 147 346 314 310 268 146 165 260 220 290 374 335 192 212 358 119 171 277 287 227 398 294 286 282 0 181 242 153 163 372 140 323 127 260 153 119 101 210 222 141 420 371 134 256 244 238 195 180 237 343 174 139 241 271 330 257 196 195 261 312 158 195 254 150 144 268 152 108 141 183 106 140 267 212 217 291 167 265 379 353 195 112 206 163 234 271 284 281 377 238
421 401 379 383 295 277 232 209 181 268 94 94 189 420 176 269 311 385 255 376 286 300 328 282 215 321 318 242 207 279 162 129 131 222 211 0 172 164 340 340 169 153 216 167 167 355 256 239 267 236 312 414 282 168 213 296 372 283 278 317 399 244 428 208 254 221 285 270 111 305 160 229 124 341 479 282 274 268 249 181 204 248 358 233 341 126 323 242 376 310 266 156 160 230 120 180 276 173 220 239
269 424 136 403 162 294 190 273 327 337 330 216 184 161 375 140 238 362 449 232 368 128 125 298 231 200 91 191 236 359 157 358 330 384 202 362 0 404 224 357 321 251 376 190 311 203 126 153 484 167 168 163 230 488 255 389 300 91 218 271 135 182 440 232 180 102 99 158 212 180 371 301 259 93 221 166 459 389 276 273 151 284 380 229 169 172 227 175 255 200 98 193 370 290 212 387 125 243 165 227
192 389 173 288 239 155 199 238 358 216 247 184 109 167 258 326 184 439 389 313 285 258 287 351 238 322 349 152 148 322 281 158 255 296 265 179 246 0 290 253 286 106 105 300 147 339 272 330 435 175 292 168 187 141 183 163 280 254 170 269 222 295 440 167 235 186 487 310 418 477 141 302 242 202 333 321 133 292 207 304 174 174 414 197 154 211 218 332 339 373 277 429 279 211 288 251 202 194 321 146
396 217 344 127 178 161 118 119 122 305 90 122 191 137 107 234 302 361 243 226 165 178 210 336 216 123 267 207 276 145 345 250 143 142 112 240 202 280 0 170 176 205 283 125 189 294 488 450 90 417 392 168 449 251 223 270 224 390 346 234 123 110 324 232 161 437 135 457 158 288 251 146 142 389 233 263 111 302 328 120 350 225 191 336 252 420 309 215 265 256 185 276 297 182 185 225 204 243 417 135
184 217 238 263 111 99 324 446 188 211 190 381 123 158 104 390 198 149 220 116 333 232 171 178 265 133 157 297 223 204 309 262 135 313 278 307 152 280 295 0 216 395 371 366 236 327 183 225 387 359 477 289 467 267 306 261 279 377 371 190 179 123 264 453 289 387 131 167 154 287 225 208 216 246 302 207 252 384 325 161 251 172 152 370 358 367 413 290 213 354 140 254 137 346 289 277 282 280 167 298
259 195 216 385 218 222 314 463 433 288 367 309 255 170 450 131 237 120 385 330 215 116 120 194 217 463 105 210 381 313 157 208 488 212 214 145 152 270 421 416 0 487 156 130 220 213 152 179 295 226 343 322 266 192 318 139 373 231 383 255 137 274 322 248 193 412 287 243 132 190 385 326 352 341 249 297 277 124 144 162 338 248 216 332 185 260 341 332 482 388 268 138 277 386 167 436 204 145 388 243
346 339 125 230 104 232 463 271 314 290 271 145 132 445 262 278 285 399 277 121 377 287 242 148 281 300 216 481 222 382 247 369 296 390 340 243 391 159 489 367 407 0 219 95 99 142 486 256 231 266 386 228 164 386 248 450 383 478 324 170 473 421 257 125 301 388 370 267 234 113 358 175 163 146 137 284 348 216 265 95 235 423 153 171 95 318 461 287 490 214 157 187 212 351 233 469 305 288 155 278
314 298 350 455 156 156 263 137 339 374 373 142 344 158 271 140 203 313 291 336 287 408 170 192 217 255 384 155 296 149 268 409 295 99 130 376 128 359 335 398 437 158 0 129 341 115 327 111 265 177 427 266 260 240 231 140 313 150 350 276 317 338 337 172 309 404 135 441 94 261 269 215 378 243 219 119 183 162 423 114 216 213 308 273 220 262 441 159 350 309 128 478 331 100 327 90 234 178 194 95
265 267 193 378 473 454 91 126 193 163 150 235 316 248 169 447 472 145 234 205 182 214 251 199 171 136 259 278 309 220 159 267 333 305 342 216 219 240 228 160 349 258 121 0 187 476 283 172 318 177 369 196 159 451 167 254 170 158 460 185 191 337 293 216 179 296 140 189 196 175 136 390 306 206 341 243 149 330 332 178 239 311 480 476 219 139 278 210 172 275 208 279 195 125 168 159 248 388 217 196
431 250 158 431 237 220 267 384 271 234 465 237 382 327 228 347 199 204 201 255 346 423 200 147 332 166 284 187 288 156 214 208 210 172 419 260 150 284 271 156 291 283 189 411 0 278 204 411 136 296 115 470 155 204 198 156 191 103 454 164 482 199 279 302 249 196 348 411 245 227 357 153 263 474 174 371 384 175 375 178 233 111 186 465 265 327 401 365 198 159 336 329 248 169 195 369 257 347 349 381
265 389 157 278 274 486 93 437 227 93 309 216 435 162 139 419 365 354 251 110 213 357 223 174 272 269 243 259 276 372 282 275 332 356 124 225 277 232 266 266 255 454 176 305 214 0 233 393 355 220 186 161 355 226 111 253 361 392 359 213 129 309 424 275 345 392 401 216 254 342 482 283 415 395 400 123 440 351 178 276 474 202 383 367 287 97 134 188 155 234 138 293 290 205 330 214 256 239 336 155
106 153 139 154 424 105 231 312 190 138 185 292 252 379 320 417 266 215 142 163 101 237 130 238 310 282 162 396 220 248 210 117 125 318 210 359 267 288 176 336 184 199 131 264 312 169 0 136 253 98 357 281 248 148 268 193 326 192 233 181 380 173 397 378 336 197 255 286 256 166 269 341 225 294 159 245 116 383 236 155 201 248 293 98 256 312 290 135 138 208 139 178 385 180 133 114 135 464 361 254
480 154 304 359 98 289 290 213 301 443 272 170 239 164 219 166 101 328 263 200 266 315 290 252 130 328 173 402 488 141 160 204 108 361 488 369 212 216 146 131 240 317 253 94 299 185 139 0 161 156 209 202 228 195 327 187 147 204 135 232 265 266 364 141 353 262 105 281 258 239 199 309 138 302 286 150 197 271 107 261 324 227 468 327 256 284 129 203 379 179 219 381 269 217 178 368 224 288 252 405
214 181 161 255 199 110 332 95 368 119 133 232 210 254 195 224 121 197 141 144 160 223 227 274 174 449 105 205 243 403 318 247 294 226 344 252 393 483 353 175 310 332 265 349 227 378 209 211 0 144 147 281 216 367 395 362 112 222 246 180 221 330 341 134 226 116 340 345 174 206 238 219 208 347 388 327 191 215 207 139 301 102 422 299 350 263 232 95 161 219 192 173 289 270 301 379 171 445 150 366
473 392 392 158 298 248 220 234 159 182 224 361 223 254 264 377 455 204 406 165 122 359 137 229 397 259 248 232 154 190 437 328 305 440 202 137 318 288 247 208 289 183 101 374 300 256 314 180 149 0 350 427 322 252 99 478 260 148 331 202 220 160 287 275 249 115 247 230 210 363 249 243 182 461 369 243 260 431 283 302 318 307 282 211 403 236 254 288 363 137 109 286 194 248 473 210 264 165 303 115
471 304 397 133 166 397 484 319 135 190 339 297 211 262 123 353 402 158 357 148 159 218 242 121 202 290 248 182 171 161 176 142 429 249 153 154 200 202 191 232 233 196 324 232 256 383 250 276 243 334 0 273 171 238 171 98 120 417 244 442 259 233 153 389 427 334 174 177 169 213 405 288 336 415 169 125 192 255 366 442 238 195 313 175 307 339 233 279 339 166 208 315 238 313 140 291 133 166 221 184
270 264 324 294 106 172 217 316 443 220 137 121 273 329 157 223 165 176 378 338 112 277 140 329 197 360 226 333 174 125 347 156 312 152 190 231 185 199 156 292 459 259 321 381 252 168 406 319 136 226 155 0 173 92 97 426 171 131 362 242 209 330 240 371 472 400 272 367 279 175 485 331 177 232 393 166 244 243 216 292 356 230 274 125 215 142 458 374 264 94 257 258 166 169 215 378 170 228 215 292
183 155 418 217 295 103 371 107 293 150 214 431 153 485 157 171 263 141 252 219 257 287 185 469 242 115 256 235 258 415 310 165 277 347 154 330 472 189 396 284 148 176 141 167 339 143 403 121 260 331 263 106 0 150 222 101 122 352 210 219 194 196 481 124 316 190 425 158 339 246 441 193 246 255 141 194 265 402 359 220 375 349 284 221 250 229 223 212 327 476 290 363 203 283 173 248 338 319 146 312
154 314 405 389 270 282 245 255 147 262 267 232 311 415 233 243 280 155 290 147 222 257 228 199 312 250 199 213 371 333 123 204 241 231 98 254 209 195 308 299 279 131 156 348 108 300 159 354 214 270 96 377 156 0 321 270 296 234 286 170 279 344 124 439 158 340 451 210 269 198 99 272 290 209 264 218 111 138 270 186 287 435 189 166 240 191 356 208 285 234 257 276 323 191 339 212 116 163 200 341
212 121 203 468 212 230 329 266 170 231 233 328 338 271 244 148 191 192 154 331 307 222 353 464 290 302 345 250 161 415 103 250 220 154 210 131 338 169 477 198 93 179 182 447 335 339 164 209 199 90 281 190 342 411 0 446 290 446 90 383 219 353 319 398 199 286 138 349 200 231 146 252 275 312 272 299 193 273 218 245 276 487 154 377 145 251 381 445 217 185 394 468 218 212 187 235 190 296 312 232
126 259 114 205 206 159 316 383 257 183 403 243 331 192 337 233 214 237 224 214 334 259 314 431 465 128 206 267 293 309 342 274 176 447 250 188 159 245 295 322 238 208 172 146 351 162 281 288 176 305 143 278 164 281 225 0 249 268 284 207 274 201 207 370 327 355 269 246 278 285 291 317 339 221 387 161 206 164 379 381 280 143 183 142 308 255 238 133 326 295 485 166 228 150 345 148 223 223 235 389
361 261 461 410 145 225 114 159 215 282 265 268 167 490 221 334 277 450 287 267 353 400 242 333 213 417 118 269 228 210 246 270 197 184 159 332 429 334 258 231 147 211 258 283 155 180 197 360 259 204 130 306 182 437 165 386 0 212 341 227 268 164 198 141 307 91 168 163 328 277 212 473 261 372 202 211 190 245 218 308 267 352 128 471 166 297 464 449 135 266 174 150 181 220 149 234 207 346 240 309
320 288 258 250 220 490 262 93 129 127 266 159 276 425 272 197 258 193 315 208 427 262 140 255 147 413 170 177 150 147 128 336 184 129 241 433 328 133 107 152 153 298 344 106 267 452 271 259 231 344 292 152 408 238 322 204 241 0 205 184 319 303 201 252 223 107 318 195 228 429 257 222 196 275 200 261 104 187 278 250 295 203 212 160 158 395 164 329 224 205 156 237 272 293 346 164 160 155 385 233
387 228 329 280 296 210 267 335 208 112 112 144 341 295 298 245 280 272 248 95 369 210 204 126 324 211 146 200 255 157 117 167 183 266 248 193 379 396 171 450 186 275 156 123 314 393 447 234 401 193 187 213 232 430 162 275 266 469 0 142 167 245 183 158 143 334 404 372 328 389 249 244 250 298 246 151 337 119 272 220 119 164 183 178 379 117 247 198 187 131 371 348 226 340 266 98 110 135 297 109
237 250 227 202 102 104 188 315 93 173 145 194 151 154 178 283 256 133 162 151 434 213 196 272 356 205 266 447 156 281 167 253 340 189 228 189 220 476 142 285 190 127 324 214 281 398 254 193 265 412 156 183 210 334 444 277 136 133 182 0 373 252 419 131 480 456 236 279 165 178 372 129 325 139 238 146 200 243 140 353 221 225 384 180 165 225 305 165 115 164 282 277 201 203 156 388 204 152 294 100
236 345 220 260 173 94 172 235 388 280 328 401 328 312 384 307 174 312 337 296 293 307 382 128 290 242 463 187 164 314 388 274 211 221 328 278 192 241 206 138 221 362 154 193 394 177 256 193 185 416 137 205 359 163 145 224 231 115 186 186 0 226 104 121 314 286 313 240 249 159 295 290 225 274 169 243 362 141 246 336 195 410 91 242 254 212 239 359 240 326 246 254 115 328 240 188 316 332 349 212
383 284 289 244 414 180 363 306 394 370 205 365 283 419 257 147 164 257 369 264 383 315 166 136 404 249 248 307 252 396 96 305 327 271 284 340 353 384 463 247 356 155 283 168 377 370 251 373 264 280 280 228 126 307 378 156 179 314 369 439 293 0 170 135 132 317 188 158 220 383 292 211 234 282 227 329 193 184 294 282 186 161 354 183 116 438 117 369 206 286 275 402 226 145 97 181 244 380 285 212
240 270 382 190 275 238 98 191 138 205 196 247 209 262 167 123 220 195 329 274 197 411 362 310 243 301 282 140 358 106 221 219 267 122 276 409 371 312 483 439 369 156 185 261 452 237 117 469 192 280 132 415 223 236 177 271 300 283 311 227 374 278 0 257 255 108 480 369 254 170 434 232 144 113 228 179 90 204 210 307 206 249 359 364 270 196 323 190 264 147 309 368 218 98 228 268 155 282 258 363
223 416 116 207 246 324 131 128 92 117 456 380 95 150 360 303 279 374 138 293 135 182 215 118 350 242 249 195 147 435 167 235 188 384 237 112 136 183 262 150 266 178 177 122 152 158 136 451 395 289 180 287 299 248 96 165 207 490 325 216 159 328 257 0 275 231 322 184 361 192 103 289 136 205 91 272 380 377 340 394 350 170 306 333 410 136 121 251 234 131 296 241 168 202 250 151 278 372 167 193
242 360 446 205 182 154 127 302 286 231 105 268 231 357 489 98 155 215 423 95 246 157 92 335 97 156 443 275 164 188 106 383 183 261 268 383 378 362 475 247 247 209 231 486 196 224 470 362 186 300 395 197 220 177 235 331 115 361 179 391 372 168 111 287 0 148 366 282 333 90 282 386 288 262 386 320 369 136 167 354 188 137 146 243 456 210 247 92 420 154 272 98 235 358 157 218 310 419 383 175
194 381 388 271 335 123 193 251 346 256 175 276 294 368 187 349 251 226 218 107 462 388 489 440 458 141 226 377 282 233 154 214 350 183 202 312 283 150 375 488 409 238 166 363 372 248 360 437 224 352 203 238 199 265 114 179 359 207 176 235 228 239 289 163 188 0 126 178 155 172 281 199 223 287 246 293 403 132 168 168 330 286 189 188 168 282 286 352 300 127 276 179 118 266 290 235 150 200 454 378
189 386 219 112 258 211 281 104 338 222 179 231 374 386 250 212 108 217 213 258 172 261 178 256 158 227 319 206 208 219 280 373 215 253 117 231 175 334 254 200 354 264 489 159 218 336 311 119 281 165 378 162 230 333 185 310 483 310 174 239 198 268 191 390 157 333 0 453 465 241 91 346 104 237 281 152 298 490 301 198 93 422 271 280 294 243 201 263 121 185 107 231 340 159 329 292 216 118 160 318
238 193 182 104 225 282 280 324 154 131 116 204 239 189 379 352 146 255 126 474 165 240 94 127 180 267 277 248 366 394 247 325 105 187 476 278 429 287 386 187 332 271 217 172 326 292 410 365 444 237 141 142 166 232 236 344 135 271 387 225 331 274 323 192 394 128 387 0 189 258 128 232 265 113 149 166 486 206 188 247 217 413 169 453 221 282 423 461 332 249 254 353 298 428 147 401 420 341 284 239
252 283 323 399 470 235 196 237 152 343 388 279 133 245 469 193 217 375 208 360 175 275 205 124 299 160 229 168 115 260 307 441 150 389 300 466 369 460 143 335 189 205 403 166 366 193 400 172 359 120 181 180 181 357 274 410 243 175 124 222 131 107 262 171 194 167 162 240 0 266 381 281 363 312 220 238 236 482 134 329 308 316 103 258 250 364 167 280 389 206 231 176 444 262 408 129 252 304 407 208
275 230 320 126 217 329 175 252 264 406 489 216 466 428 202 145 230 392 490 320 312 422 386 196 144 276 101 180 130 151 129 246 333 349 138 202 347 138 421 443 351 231 95 357 140 247 171 114 396 222 124 121 280 164 205 205 243 238 232 170 316 228 225 276 236 240 226 243 209 0 376 368 174 165 170 145 441 224 277 455 100 185 211 256 219 215 247 312 337 268 307 132 157 249 401 119 221 193 447 289
236 153 187 233 334 198 292 174 150 258 161 352 457 187 97 399 196 147 418 354 107 247 407 218 182 239 155 186 137 210 199 464 264 226 470 323 97 282 348 346 240 92 227 248 196 371 474 134 200 159 453 463 261 350 188 207 147 123 432 185 368 139 222 140 282 328 357 483 387 170 0 185 257 147 205 90 283 298 234 340 237 201 326 264 202 205 241 149 167 194 346 201 150 199 245 351 255 320 275 321
102 220 362 178 295 276 360 248 215 119 167 276 180 406 335 102 135 201 463 336 351 381 129 360 201 308 240 259 149 185 207 271 206 128 481 250 137 222 117 104 296 380 237 191 114 311 159 260 203 273 269 180 467 368 381 376 429 401 134 379 95 383 186 322 319 246 314 480 403 201 322 0 223 226 245 211 103 303 451 252 214 378 280 230 280 165 211 206 342 387 140 287 297 189 249 111 147 269 449 248
208 180 168 281 276 155 329 140 283 165 213 99 348 237 350 117 145 203 121 278 363 419 95 482 289 166 204 204 246 159 202 131 196 177 295 251 195 434 399 281 274 394 234 245 163 299 218 331 183 229 221 170 287 356 158 456 336 182 182 164 328 263 240 466 306 328 293 356 248 115 280 267 0 103 245 127 161 198 154 368 272 248 166 118 210 324 428 450 403 202 166 215 135 307 241 176 183 154 316 374
187 262 295 90 373 432 369 249 287 364 197 275 382 390 184 330 472 246 335 103 198 474 126 291 105 381 354 372 134 174 336 128 195 273 228 329 375 378 280 155 213 216 217 199 208 213 150 141 110 364 226 252 162 237 149 390 368 342 146 126 93 337 245 323 120 219 241 248 154 290 288 171 133 0 174 118 323 447 317 334 190 280 418 191 251 132 146 148 280 276 161 267 470 245 311 179 319 150 205 257
232 265 368 337 107 217 214 159 446 449 324 138 347 283 219 326 93 219 185 177 225 202 426 167 387 265 288 274 466 286 249 476 149 399 199 354 249 178 398 108 146 218 113 203 221 102 231 210 168 293 217 249 307 448 171 229 348 193 279 210 278 268 121 250 247 163 184 371 354 151 173 218 223 245 0 185 180 110 273 174 183 490 244 224 487 313 284 369 237 252 274 337 471 277 390 363 400 232 255 245
164 420 170 427 171 216 151 237 323 370 265 214 194 189 223 277 350 99 173 427 406 404 229 172 176 146 330 238 430 243 205 329 188 174 297 420 155 396 242 158 365 296 214 233 267 273 119 477 182 220 300 394 291 116 458 253 193 366 352 355 353 174 190 210 202 214 470 354 313 331 395 110 256 190 246 0 149 272 488 97 204 157 108 164 333 361 365 158 450 450 129 262 270 402 257 182 471 195 199 139
172 484 131 489 336 158 162 147 356 281 242 242 310 397 254 238 318 371 129 259 323 263 331 220 233 123 225 315 167 170 104 199 345 264 274 268 166 447 120 375 408 132 264 327 154 165 221 235 204 178 306 158 237 291 152 307 118 353 189 153 341 490 169 221 257 132 107 151 162 105 442 218 254 421 399 308 0 365 255 236 91 122 272 126 194 142 417 284 222 188 368 363 245 428 396 304 235 233 356 216
123 196 126 227 122 156 308 178 243 250 178 313 236 284 406 185 347 139 186 179 361 391 215 166 480 290 254 115 174 223 188 277 359 205 354 274 269 199 193 255 288 124 423 394 313 460 363 181 190 259 357 166 147 224 177 228 297 116 364 229 125 427 296 173 165 174 276 313 175 226 384 340 178 212 209 280 229 0 217 338 398 98 466 102 293 187 256 227 286 187 442 212 216 233 347 275 248 374 355 192
249 429 157 328 218 202 124 108 193 277 168 374 259 199 229 213 152 225 237 105 139 231 480 387 158 188 241 131 244 452 121 150 277 238 131 328 480 169 357 147 165 192 419 171 163 209 225 150 274 172 410 207 90 102 186 384 219 362 261 278 474 364 217 152 207 278 110 127 255 250 244 137 315 230 283 276 159 269 0 94 202 252 133 390 268 319 321 117 401 159 375 169 471 137 283 325 377 349 216 324
362 339 119 378 106 469 122 196 196 198 264 413 351 302 159 224 403 272 228 205 285 95 101 159 147 387 474 132 216 230 386 369 453 183 240 281 419 297 277 358 238 213 231 157 134 465 392 318 408 260 277 300 474 267 398 171 165 223 157 450 302 153 400 324 260 216 288 266 99 374 249 261 453 461 286 107 120 120 98 0 195 269 381 176 303 283 335 198 189 474 144 142 271 227 320 430 173 111 346 185
171 180 158 299 288 124 353 235 397 175 402 265 303 274 248 445 171 306 153 255 327 387 260 204 198 151 218 96 148 347 121 176 94 345 490 304 322 132 200 183 321 96 434 329 296 302 91 256 335 177 256 150 372 249 190 235 279 249 385 351 145 249 261 266 350 222 208 152 230 239 303 113 253 366 227 478 364 201 210 405 0 403 214 129 109 221 338 275 112 481 432 481 183 244 272 209 250 469 446 214
311 466 250 192 222 216 168 268 218 313 147 380 273 191 147 168 201 146 242 142 218 226 195 394 198 360 271 444 186 177 326 160 127 201 241 457 179 205 355 271 330 128 194 275 372 296 261 235 156 120 346 155 199 297 338 336 277 259 236 368 308 174 199 296 393 286 270 243 266 291 301 378 185 130 281 309 364 277 267 386 411 0 369 486 170 176 201 378 399 217 200 303 174 130 214 321 405 138 235 197
209 106 211 456 186 217 357 255 333 348 445 208 221 285 198 206 94 152 386 332 390 186 375 194 209 299 377 322 126 274 140 149 224 170 421 311 381 266 378 314 382 383 90 255 313 197 175 265 352 241 215 322 186 389 167 132 116 215 367 250 93 265 99 266 185 351 148 163 242 380 198 120 220 319 246 134 150 307 180 204 329 281 0 181 105 133 488 198 209 172 277 166 334 352 144 419 268 363 245 372
475 240 269 167 344 213 185 102 104 364 376 283 378 281 128 247 166 293 309 256 156 185 277 303 150 376 392 131 285 263 105 378 197 193 349 490 419 233 264 280 112 386 487 164 372 220 193 439 178 459 372 286 149 247 332 280 159 258 90 386 274 457 176 362 290 128 338 304 262 270 161 168 218 171 261 180 373 197 263 249 280 314 212 0 231 440 485 157 206 184 137 226 285 487 285 380 378 122 189 464
199 250 346 248 120 368 216 430 192 122 275 150 485 488 304 208 167 197 162 226 158 192 132 337 113 122 263 219 290 124 200 125 221 158 227 192 241 234 224 167 262 433 131 398 179 450 272 94 239 370 382 120 207 427 223 148 226 259 250 230 219 219 376 353 184 254 213 165 273 190 246 383 397 248 205 179 313 109 290 393 258 291 229 175 0 334 253 143 411 252 227 274 234 322 227 264 268 160 97 166
323 356 259 303 190 267 173 278 176 181 268 469 123 363 281 168 125 266 356 310 258 150 95 397 298 129 176 298 125 221 212 361 110 182 482 156 204 278 129 267 172 157 278 185 394 278 242 232 278 253 277 124 206 337 123 141 258 293 428 97 324 268 112 241 148 392 332 422 219 174 169 157 490 121 141 209 392 122 378 192 200 136 242 473 231 0 308 214 150 278 263 240 368 273 343 228 121 381 207 279
175 227 327 221 152 353 220 356 128 140 234 235 489 252 258 155 224 403 127 155 204 224 465 324 401 166 198 305 141 239 154 439 158 193 137 292 490 187 375 253 386 212 482 225 326 422 209 201 181 178 221 217 90 138 238 181 389 161 381 280 154 139 192 340 234 429 440 93 91 198 212 172 119 299 332 215 131 136 322 280 467 482 188 410 241 370 0 327 286 246 259 335 351 280 484 266 290 165 344 262
117 372 358 129 385 144 192 359 155 153 402 220 257 483 328 180 185 203 413 221 400 106 206 178 285 309 480 102 112 335 325 124 206 432 230 361 152 453 278 124 236 328 251 281 330 473 338 401 111 152 384 239 96 169 156 277 363 211 201 272 350 172 171 422 216 170 148 163 198 214 170 489 354 225 176 177 260 210 367 163 304 253 182 265 210 132 381 0 419 198 262 95 319 389 187 331 268 285 338 361
198 286 410 271 261 223 177 259 272 156 150 382 172 462 203 215 278 174 287 227 151 99 152 216 346 205 307 156 365 103 204 168 153 272 261 223 272 195 117 213 200 177 361 154 192 159 326 457 284 266 164 214 169 384 196 102 324 223 284 397 282 270 320 356 254 181 263 220 289 167 464 201 229 316 302 204 216 343 475 224 204 273 215 214 197 243 134 222 0 266 344 278 128 317 249 211 124 92 278 418
317 385 176 425 280 127 262 283 182 150 477 446 263 131 255 261 450 251 171 253 391 239 272 271 177 124 189 254 124 172 125 367 256 434 319 182 178 132 208 234 305 266 376 191 290 211 327 287 228 224 244 218 429 305 283 140 172 267 336 161 325 305 390 258 242 337 363 260 287 433 194 154 246 362 261 214 173 115 209 474 173 129 396 163 94 263 222 272 394 0 289 343 210 317 154 236 220 190 275 437
162 230 322 261 187 284 172 207 369 284 277 381 155 237 187 374 380 288 236 339 464 159 351 177 222 331 261 232 232 213 191 318 436 344 218 289 232 217 340 367 336 215 160 270 191 130 281 370 323 385 216 211 301 301 355 287 120 426 125 222 243 273 317 457 173 439 284 423 150 156 290 242 426 219 384 268 283 299 256 262 99 185 436 241 351 240 476 267 377 124 0 106 310 266 266 122 262 381 250 251
313 220 245 105 126 188 127 229 375 183 158 410 356 327 356 324 269 280 285 354 283 455 215 208 174 218 184 481 265 171 121 442 124 224 108 213 150 245 133 305 467 152 249 114 354 336 128 173 222 214 99 185 245 302 161 231 233 196 336 348 219 311 165 262 296 299 171 223 232 164 245 144 294 231 218 246 90 225 200 121 436 142 286 209 162 268 136 307 271 404 370 0 115 263 160 197 160 158 135 118
327 262 239 184 286 269 429 253 286 389 281 221 203 246 149 258 333 201 131 227 363 281 179 174 326 378 141 124 354 190 384 126 151 122 159 185 271 322 383 337 365 194 155 452 349 176 317 386 136 151 283 91 234 220 274 451 334 162 185 379 250 386 213 446 154 261 353 382 179 119 257 137 201 281 193 468 347 269 366 152 371 248 313 344 230 265 193 266 123 367 423 152 0 356 478 230 162 182 117 207
172 287 326 362 170 334 370 294 273 286 226 226 386 137 277 253 228 364 286 238 297 228 255 289 273 292 258 267 363 171 368 208 223 155 163 272 232 285 339 368 363 172 271 207 201 294 335 220 113 431 371 135 102 229 235 380 305 145 316 220 378 309 163 365 156 147 232 132 140 184 361 251 225 305 250 151 275 376 162 317 254 257 178 126 470 363 263 237 295 375 237 335 104 0 163 359 212 389 94 246
293 385 141 206 273 339 170 286 122 255 484 230 194 387 261 282 345 126 97 237 377 133 359 259 106 251 148 129 149 288 402 151 216 380 206 416 206 417 415 158 293 182 229 167 124 345 160 244 148 100 383 258 181 150 204 188 149 389 339 209 187 195 175 452 174 225 131 199 118 227 385 118 253 173 120 405 201 420 137 141 182 219 150 348 200 145 188 118 385 448 201 470 238 203 0 379 272 306 264 226
345 233 208 157 349 153 233 190 387 290 193 187 385 260 224 158 197 247 403 269 228 287 243 142 193 263 233 198 175 261 186 315 289 142 257 122 346 160 182 212 164 382 289 306 191 330 152 397 174 260 290 464 150 337 248 190 353 447 176 250 350 240 243 215 174 108 288 445 269 91 134 358 400 181 293 252 340 185 199 485 260 125 175 199 176 240 191 209 214 488 281 247 194 113 169 0 183 442 286 441
213 462 228 222 239 125 314 288 283 158 234 166 92 476 173 331 480 205 234 196 279 206 339 342 273 273 152 278 339 385 161 240 340 300 272 188 151 161 180 357 486 119 282 166 286 389 429 369 365 375 321 292 144 158 138 284 112 232 299 296 157 244 229 184 195 299 201 207 454 166 346 368 269 218 256 186 383 215 142 254 168 265 207 175 466 161 470 472 186 346 184 358 297 339 276 261 0 363 195 343
409 250 371 235 161 218 180 192 141 239 312 168 288 206 317 311 241 164 254 245 244 175 244 158 216 131 234 201 283 331 142 228 390 326 343 250 217 245 256 231 304 198 264 246 244 168 483 267 268 434 104 288 466 475 463 282 171 319 92 269 299 355 262 465 294 382 288 398 347 342 456 279 210 246 206 391 254 307 390 233 110 152 184 180 263 135 197 135 482 267 258 417 202 251 146 165 226 0 211 258
100 180 208 90 128 455 170 186 211 177 114 261 104 366 209 156 377 230 200 159 382 348 156 304 240 204 196 186 363 377 109 121 226 287 387 360 405 280 476 166 463 151 169 259 200 226 144 159 376 359 277 256 312 300 172 203 387 165 123 212 248 356 360 143 261 384 231 124 153 369 247 124 261 281 163 284 418 389 317 146 305 427 275 341 230 351 230 224 90 317 270 196 217 344 378 133 233 290 0 287
102 252 207 264 335 219 402 157 193 202 436 268 253 247 224 190 156 159 237 306 388 263 221 347 345 263 130 179 172 203 139 480 380 162 195 95 369 114 178 301 218 195 210 141 364 418 375 170 229 241 172 439 253 261 266 174 213 277 291 322 224 275 183 416 141 178 228 279 128 221 283 414 359 255 349 228 190 153 172 364 216 423 312 311 166 195 240 175 150 330 359 344 272 90 253 155 272 251 240 0
50
62 05:17:51 16:26:22 5889 9 59
12 06:47:13 17:24:37 7715 6 45
62 05:03:06 16:24:53 5591 9 44
91 08:36:55 19:23:53 6118 7 60
16 05:14:21 19:14:22 5898 5 70
53 08:39:11 17:11:56 8846 5 65
9 05:01:48 18:55:17 8491 8 49
37 09:29:45 18:57:16 6066 7 43
83 06:40:27 19:35:04 7262 7 60
10 05:42:02 15:31:35 9859 5 44
30 08:52:34 18:37:48 6276 7 46
55 08:09:09 17:28:00 7527 5 62
52 09:14:38 17:44:44 8750 5 67
69 08:09:06 18:13:20 8710 6 67
15 07:13:47 16:33:08 8868 5 44
97 05:19:37 19:37:50 8685 7 55
6 06:17:53 15:59:38 7618 9 65
30 08:58:22 15:58:39 7403 8 61
83 05:04:23 16:47:51 6375 6 41
85 05:29:43 20:34:12 8432 8 51
16 06:57:43 15:42:51 6562 9 57
67 06:28:18 18:31:05 6542 8 53
34 05:15:20 18:56:19 7940 8 47
80 09:21:11 20:06:42 9085 5 41
6 07:16:17 20:07:15 8234 5 40
82 05:08:24 15:32:39 7672 7 50
21 09:05:53 20:47:59 7415 6 43
78 05:00:04 19:45:03 7719 6 63
84 09:06:58 16:16:29 8078 7 61
87 05:18:46 15:00:41 9125 10 51
99 05:05:01 19:16:45 9925 8 60
14 08:43:14 20:43:18 6163 9 69
30 10:10:51 20:26:51 7249 6 47
40 05:08:14 16:37:00 7258 6 63
49 10:32:36 19:22:15 5276 5 44
88 08:47:24 20:29:10 9351 9 51
100 08:16:00 15:46:44 7306 7 44
41 07:09:01 17:14:43 5100 5 64
81 09:05:56 19:16:23 7848 9 42
66 10:30:44 17:05:52 6204 6 65
58 09:35:20 18:11:45 6053 6 45
29 09:57:29 16:18:35 9498 5 62
52 08:03:24 17:36:54 5709 8 61
84 07:20:20 18:00:37 5352 7 59
4 05:32:49 19:10:38 9569 9 42
42 07:40:47 18:16:50 7848 9 54
55 09:50:33 18:23:00 6085 5 61
81 06:56:25 20:06:21 8148 10 52
63 08:34:56 16:33:07 6757 9 68
78 06:29:34 18:51:49 7546 7 41
500
99 33 615 0 484 527 10:14:43 11:45:33 11:52:29 12:37:55
43 63 2404 1 435 481 13:55:29 14:48:16 14:11:52 15:47:27
48 85 1490 1 564 584 10:57:16 11:21:03 11:15:26 12:58:56
78 60 2225 2 465 379 12:27:57 13:49:39 13:27:06 14:57:23
83 28 1911 2 364 327 10:45:48 11:43:34 11:21:06 12:39:00
61 62 1952 0 315 513 08:00:27 09:47:15 09:35:23 10:27:57
38 68 2244 0 559 527 12:48:51 13:05:42 13:15:58 14:58:03
52 24 2083 0 416 449 09:19:40 10:30:58 10:01:53 11:46:22
31 26 2042 0 452 571 11:58:19 12:38:31 12:10:25 13:07:18
77 84 2102 2 588 520 13:21:22 14:46:54 14:56:59 15:23:01
8 37 1482 1 592 455 10:19:11 11:19:59 11:41:46 12:54:13
36 73 1205 1 531 374 11:04:41 12:03:24 12:21:44 13:00:05
78 24 813 0 306 580 09:01:13 10:13:51 10:26:16 11:13:21
40 6 911 0 498 520 12:02:33 13:35:09 13:57:51 14:23:07
20 35 941 0 418 471 11:40:26 12:24:03 12:37:16 13:59:10
93 77 692 2 336 394 08:52:55 09:35:36 09:54:09 10:05:44
74 97 1730 2 310 407 11:44:41 12:42:38 12:00:08 13:29:35
16 29 654 1 328 313 13:52:38 14:59:44 14:57:52 15:25:10
90 35 1442 0 343 319 10:25:36 11:24:20 11:55:04 12:56:05
37 12 521 1 566 480 12:19:46 13:51:37 13:54:59 14:05:52
55 41 1333 1 546 461 09:53:43 10:46:03 10:11:57 11:16:40
85 12 1265 1 325 331 11:20:18 12:21:45 12:01:25 13:56:10
11 90 962 0 317 554 09:35:20 10:16:27 10:32:26 11:38:09
26 21 589 1 480 434 08:43:21 09:38:43 09:32:27 10:06:14
22 42 1591 0 319 542 12:30:34 13:28:47 13:40:54 14:02:04
53 15 1767 1 484 565 09:25:58 10:44:04 10:36:23 11:27:01
89 7 838 2 498 343 11:10:16 12:44:34 12:57:46 13:14:19
85 40 666 0 406 377 11:30:36 12:28:29 12:44:35 13:45:22
23 40 643 0 476 347 10:25:31 11:31:01 11:44:58 12:04:38
64 87 2039 2 569 472 11:57:46 12:47:19 12:12:21 13:31:58
80 3 987 0 567 375 11:20:20 12:46:22 12:48:51 13:18:41
76 40 1843 1 338 465 12:03:35 13:05:13 13:18:17 14:07:02
94 44 1167 1 524 444 08:56:58 09:02:54 09:25:15 10:16:09
8 45 2108 2 540 303 13:53:58 14:26:57 14:17:11 15:34:02
37 7 891 2 417 340 08:12:17 09:35:27 09:12:05 10:26:59
4 68 2286 1 402 509 08:18:35 09:14:48 09:59:42 10:10:58
82 35 1199 1 561 351 10:59:37 11:33:16 11:52:52 12:20:46
78 24 2200 2 300 503 10:02:29 11:43:41 11:55:19 12:07:14
100 50 677 0 527 434 11:04:25 12:03:24 12:33:32 13:10:14
40 53 2071 2 483 308 12:22:34 13:29:34 13:55:37 14:09:27
39 82 1181 1 518 403 10:19:38 11:25:43 11:49:28 12:37:33
81 86 1271 1 468 533 09:18:58 10:22:51 10:19:25 11:44:08
24 77 1584 0 320 554 11:57:42 12:52:25 12:25:53 13:58:48
66 24 1814 1 535 583 09:43:09 10:24:32 10:28:43 11:07:45
5 25 1146 1 329 366 12:28:22 13:55:54 13:25:05 14:56:29
83 63 2174 0 365 362 12:27:54 13:40:41 13:32:26 14:59:47
81 2 1762 1 511 475 12:33:58 13:56:29 13:55:39 14:26:48
40 90 1056 1 406 497 09:52:13 10:36:54 10:43:42 11:39:34
64 38 1840 2 428 350 10:02:08 11:42:25 11:48:12 12:26:40
22 23 2140 0 474 391 12:32:49 13:35:28 13:50:04 14:49:34
93 38 625 1 436 455 11:43:25 12:32:35 12:48:42 13:06:45
5 54 2528 0 519 570 11:18:06 12:40:28 12:04:31 13:35:06
97 96 2306 1 517 500 12:40:02 13:10:26 13:06:52 14:03:26
79 88 1388 0 315 395 11:14:17 12:31:33 12:01:30 13:30:42
17 4 2295 2 537 502 13:58:42 14:34:44 14:17:08 15:55:50
70 65 2286 0 463 324 09:50:35 10:25:57 10:50:31 11:02:56
43 83 1109 2 375 438 10:36:13 11:40:35 11:26:28 12:38:47
45 41 1703 2 531 510 10:31:40 11:29:04 11:41:56 12:34:01
19 73 679 1 335 588 08:35:54 09:04:33 09:07:51 10:30:31
17 88 1735 2 347 465 10:07:32 11:23:12 11:57:12 12:50:18
45 94 2419 2 344 564 13:42:06 14:06:52 14:21:04 15:36:15
69 29 1025 2 360 572 12:01:13 13:23:31 13:29:09 14:20:53
7 91 670 0 388 328 12:16:28 13:38:21 13:15:26 14:03:44
56 80 2457 0 498 329 08:11:42 09:32:13 09:21:40 10:47:28
21 76 1772 2 404 580 13:25:29 14:25:26 14:31:03 15:42:49
50 84 1906 2 477 348 11:11:19 12:21:32 12:05:24 13:57:50
53 18 1172 1 433 356 13:00:25 14:32:37 14:08:26 15:19:43
82 17 810 2 535 314 10:15:09 11:16:30 11:42:52 12:02:30
16 97 1165 1 583 378 10:39:56 11:41:23 11:04:15 12:43:46
34 65 1069 0 379 430 12:41:29 13:18:49 13:27:22 14:06:03
21 66 1330 0 389 307 11:52:04 12:51:29 12:45:31 13:30:42
4 5 735 2 512 343 10:22:44 11:35:38 11:05:18 12:29:33
1 6 867 1 445 539 10:58:37 11:33:35 11:16:17 12:58:38
51 48 1834 0 363 307 11:38:00 12:49:14 12:45:47 13:39:10
39 84 2358 1 422 541 08:35:31 09:42:35 09:28:33 10:11:41
16 14 597 0 372 472 10:52:08 11:38:16 11:10:31 12:53:47
73 60 2209 1 350 366 12:34:29 13:33:12 13:16:06 14:09:33
10 24 1679 1 569 440 08:14:03 09:17:30 09:24:23 10:42:57
70 80 1058 1 510 430 08:57:20 09:33:25 09:32:49 10:23:03
92 14 2167 2 429 338 10:15:38 11:18:52 11:40:29 12:24:46
43 2 652 2 471 312 08:26:55 09:01:10 09:12:13 10:54:09
36 37 1234 2 301 445 10:05:34 11:29:25 11:35:50 12:15:39
21 18 1523 2 341 585 08:33:33 09:47:14 09:47:47 10:50:32
30 51 2213 2 327 488 10:31:14 11:22:36 11:57:58 12:10:19
100 47 1346 2 322 564 13:34:21 14:08:42 14:47:14 15:24:00
8 27 2401 2 421 416 10:09:33 11:54:32 11:16:00 12:22:16
67 88 1643 1 305 539 08:35:23 09:24:24 09:13:12 10:02:02
47 94 815 1 448 377 10:32:04 11:54:51 11:42:43 12:19:01
23 30 697 1 461 380 09:13:57 10:55:54 10:56:02 11:12:22
37 82 2215 0 369 524 10:16:59 11:54:29 11:34:28 12:30:22
24 100 712 1 502 523 13:31:31 14:28:22 14:48:12 15:06:05
48 42 1263 1 430 439 09:41:28 10:11:00 10:57:27 11:46:14
60 29 880 0 487 494 09:11:17 10:18:34 10:49:14 11:18:34
100 3 1583 1 305 334 10:45:10 11:30:40 11:44:11 12:58:54
35 12 1444 0 453 398 09:52:57 10:15:31 10:06:36 11:40:52
50 92 793 1 540 371 09:01:47 10:10:27 10:37:17 11:45:53
67 84 767 1 402 301 11:27:04 12:53:16 12:18:53 13:04:52
14 67 2545 1 423 488 12:20:29 13:28:01 13:06:00 14:34:43
89 34 2524 2 470 515 08:18:39 09:18:38 09:55:06 10:35:16
83 28 726 2 461 335 13:39:03 14:28:50 14:06:59 15:20:22
52 93 1330 1 341 401 08:39:35 09:24:47 09:44:00 10:02:03
95 71 611 1 485 455 09:27:02 10:45:30 10:21:41 11:04:25
66 17 813 2 496 312 10:31:08 11:51:22 11:44:37 12:26:08
18 80 581 2 307 331 08:37:30 09:39:48 09:57:36 10:07:20
100 94 2424 2 456 321 13:07:59 14:46:01 14:05:41 15:06:57
73 18 1976 1 430 340 13:13:39 14:46:23 14:47:11 15:25:04
71 50 1705 0 510 418 13:09:03 14:17:02 14:11:54 15:59:40
28 39 518 1 328 428 13:04:02 14:51:14 14:20:36 15:14:20
19 79 1969 1 564 406 08:13:31 09:19:08 09:26:13 10:52:06
43 3 566 1 482 539 09:51:22 10:47:49 10:02:31 11:59:39
32 27 1001 1 349 526 08:55:52 09:41:57 09:06:51 10:03:40
76 66 1517 1 407 483 13:30:38 14:13:12 14:21:45 15:13:18
70 86 1226 2 403 588 09:45:20 10:20:19 10:43:24 11:23:26
71 21 1533 2 400 563 11:02:24 12:00:52 12:56:39 13:41:30
94 44 1727 2 596 590 08:34:07 09:15:18 09:20:02 10:58:16
86 22 2424 1 595 541 08:13:38 09:21:57 09:42:40 10:51:55
35 88 1705 2 343 376 12:52:32 13:01:13 13:49:47 14:10:05
35 33 2241 2 344 334 10:51:32 11:08:11 11:48:55 12:44:46
20 24 583 0 477 548 11:52:58 12:03:20 12:52:42 13:29:12
71 40 1742 0 566 326 11:16:17 12:07:27 12:21:17 13:00:30
90 30 2498 0 438 353 12:34:06 13:25:55 13:45:44 14:26:03
5 11 1397 0 371 376 09:40:50 10:37:50 10:36:45 11:38:41
14 15 2053 2 577 600 08:58:40 09:25:21 09:52:15 10:51:18
70 16 943 2 481 405 10:13:07 11:13:29 11:02:25 12:15:10
79 21 2410 2 501 477 11:33:08 12:53:47 12:09:46 13:46:39
11 4 1745 2 394 443 11:35:25 12:12:49 12:12:47 13:58:00
41 16 1154 2 510 553 13:30:10 14:35:25 14:21:41 15:21:54
2 11 680 0 364 472 10:17:54 11:07:50 11:21:58 12:19:15
16 20 512 2 412 450 08:56:55 09:01:28 09:02:22 10:15:03
32 82 2327 2 406 507 12:15:47 13:57:19 13:29:38 14:42:25
8 45 994 1 474 591 09:20:08 10:24:03 10:57:57 11:28:06
75 11 1280 0 536 558 10:48:30 11:43:23 11:47:01 12:14:59
15 80 1817 1 386 436 13:00:42 14:32:34 14:34:11 15:58:05
52 87 2336 1 598 393 08:39:17 09:31:47 09:34:52 10:35:02
10 50 1846 1 492 377 11:08:50 12:26:06 12:29:20 13:55:16
30 47 1258 1 544 443 09:12:48 10:59:05 10:36:45 11:34:44
86 75 1721 2 409 502 13:43:39 14:07:39 14:49:40 15:39:36
49 91 1237 1 600 462 10:03:00 11:42:44 11:34:04 12:45:28
13 79 590 2 426 401 08:39:25 09:28:49 09:59:23 10:55:40
26 68 820 0 309 425 13:58:57 14:07:15 14:36:19 15:32:32
4 45 2321 0 581 549 13:32:33 14:00:57 14:28:42 15:16:12
27 3 1172 2 564 353 11:05:06 12:01:11 12:27:41 13:25:52
74 62 1997 0 491 469 10:40:26 11:25:30 11:39:50 12:41:57
31 78 2151 2 302 503 09:47:33 10:00:29 10:41:54 11:10:52
79 68 544 0 466 468 09:27:16 10:24:39 10:46:52 11:44:13
96 97 1820 1 354 447 10:30:03 11:51:22 11:42:59 12:37:03
82 96 1322 0 494 393 08:56:31 09:32:47 09:51:06 10:26:17
72 74 2320 0 572 496 09:57:21 10:34:29 10:51:10 11:24:13
76 44 614 1 511 359 08:50:27 09:41:56 09:53:11 10:18:23
92 33 1220 0 354 560 08:55:59 09:11:40 09:51:33 10:49:45
43 8 566 0 375 426 13:19:44 14:45:34 14:17:30 15:16:14
90 68 2291 2 524 433 10:03:28 11:11:10 11:58:00 12:44:45
11 25 2184 2 390 413 11:23:24 12:45:59 12:53:50 13:28:48
60 10 1433 1 310 479 13:55:15 14:27:45 14:23:19 15:33:30
95 34 1838 0 315 506 13:49:36 14:51:22 14:14:30 15:02:44
26 19 2218 2 359 441 08:20:38 09:39:16 09:41:38 10:16:33
23 53 2007 1 408 535 12:20:03 13:27:04 13:40:31 14:22:47
84 35 2136 1 571 440 10:04:30 11:28:33 11:14:47 12:16:16
69 12 1133 2 564 432 13:28:29 14:31:40 14:54:01 15:45:12
74 35 2174 0 452 515 13:59:48 14:38:50 14:36:54 15:42:34
51 38 951 0 428 554 12:50:30 13:14:34 13:30:18 14:04:05
27 26 592 0 579 486 09:09:12 10:21:56 10:33:06 11:31:57
39 22 1933 1 360 577 11:19:16 12:23:24 12:56:59 13:40:54
75 67 2349 1 390 567 11:40:30 12:07:32 12:46:54 13:19:28
51 80 2473 0 315 396 08:20:51 09:26:38 09:44:37 10:59:57
44 25 1515 2 579 426 09:35:00 10:26:22 10:14:50 11:02:28
71 4 1307 1 427 524 10:39:51 11:37:14 11:42:29 12:04:12
63 31 1146 1 354 377 11:50:58 12:19:23 12:42:54 13:03:04
26 76 1505 1 593 535 13:29:33 14:10:42 14:23:16 15:53:47
46 11 2415 1 302 571 08:04:33 09:33:15 09:55:59 10:53:55
44 34 1319 2 333 395 09:06:28 10:32:51 10:44:05 11:16:31
48 55 1969 2 579 356 10:18:05 11:42:09 11:55:37 12:34:33
25 33 1511 2 385 543 09:35:29 10:12:32 10:11:05 11:15:35
77 21 1854 2 577 427 12:59:03 13:33:09 13:42:51 14:45:18
83 49 2505 1 412 317 13:53:41 14:50:02 14:41:39 15:49:31
19 56 2548 2 529 478 08:03:39 09:33:21 09:02:37 10:34:45
30 33 1909 1 500 592 10:07:45 11:24:23 11:20:59 12:22:04
20 53 2351 0 574 383 10:27:08 11:25:23 11:38:34 12:10:40
100 92 908 0 445 404 09:45:04 10:03:58 10:14:04 11:27:17
22 63 1687 1 553 501 13:29:24 14:34:02 14:21:58 15:08:58
5 95 1833 1 403 353 12:40:26 13:32:55 13:44:41 14:58:00
13 44 1721 2 544 327 09:34:18 10:41:04 10:57:09 11:31:48
83 41 1421 2 392 409 10:10:37 11:00:06 11:56:18 12:00:27
97 13 1675 2 582 546 13:21:48 14:54:51 14:28:18 15:03:52
80 21 1380 1 408 452 12:49:08 13:24:40 13:46:07 14:45:41
100 73 2323 0 426 592 11:16:27 12:46:13 12:05:41 13:02:22
27 100 2268 0 553 542 09:59:58 10:09:46 10:47:13 11:50:39
83 52 2122 2 577 544 13:25:15 14:49:00 14:15:28 15:43:39
62 29 751 1 457 301 08:15:11 09:09:13 09:56:37 10:36:53
74 44 2490 1 521 364 13:52:16 14:59:25 14:11:22 15:45:48
34 74 631 1 495 360 08:05:24 09:26:39 09:54:01 10:27:57
54 84 630 0 428 459 09:49:11 10:24:30 10:59:17 11:52:13
52 37 921 1 405 419 09:08:58 10:43:22 10:20:56 11:15:13
93 99 955 2 456 340 12:16:33 13:11:07 13:10:38 14:04:34
44 59 2138 0 438 326 13:19:25 14:23:39 14:48:53 15:05:59
85 96 2293 2 490 540 13:54:14 14:39:35 14:19:25 15:25:44
49 25 1863 1 394 304 13:43:53 14:23:19 14:59:04 15:56:17
96 58 2065 0 494 440 13:49:56 14:32:07 14:16:37 15:12:48
65 9 1554 0 437 353 08:02:41 09:04:56 09:53:27 10:16:53
57 85 1196 1 511 502 10:41:28 11:25:42 11:11:45 12:13:31
56 2 1334 2 416 443 13:07:26 14:48:08 14:52:03 15:13:37
61 92 2296 0 443 482 12:09:37 13:52:28 13:26:45 14:12:25
37 24 954 2 401 307 11:37:31 12:51:29 12:32:25 13:28:02
18 53 1218 1 463 512 10:10:28 11:53:48 11:05:45 12:00:12
53 90 1858 0 510 434 08:31:17 09:57:07 09:54:05 10:00:11
40 86 1345 2 358 328 13:34:09 14:13:16 14:54:33 15:11:10
3 73 2165 0 499 512 08:19:28 09:41:32 09:01:19 10:10:22
62 54 1947 2 341 485 10:32:31 11:50:18 11:51:57 12:17:59
12 39 542 1 333 374 09:09:07 10:57:46 10:04:25 11:16:10
4 36 1854 0 569 468 12:02:15 13:45:05 13:20:43 14:48:10
88 64 1460 2 373 343 10:47:14 11:55:30 11:30:21 12:09:27
84 63 1275 0 500 493 13:12:58 14:50:37 14:22:35 15:13:16
93 66 1380 1 371 351 10:17:36 11:42:59 11:03:25 12:15:06
32 38 827 1 316 315 08:04:53 09:25:59 09:33:41 10:21:44
80 89 1752 1 510 518 09:01:49 10:45:28 10:09:43 11:26:30
69 8 1351 1 329 430 12:32:44 13:34:49 13:08:20 14:08:32
56 23 1609 2 346 401 13:16:47 14:10:17 14:45:18 15:21:41
39 7 1374 1 513 437 08:34:56 09:50:43 09:32:16 10:01:44
93 76 1584 1 540 595 13:04:23 14:55:23 14:34:56 15:55:13
79 70 2236 0 462 489 11:21:22 12:11:52 12:30:13 13:28:47
9 68 1654 0 383 335 12:51:20 13:36:25 13:03:34 14:09:49
52 73 1286 1 508 532 13:33:53 14:01:37 14:01:51 15:19:14
61 19 2497 2 572 317 10:24:44 11:45:47 11:51:42 12:28:59
60 23 1156 0 417 461 10:10:42 11:44:00 11:41:07 12:33:59
77 75 2339 0 553 593 09:46:39 10:28:57 10:44:43 11:03:59
55 2 1452 0 403 438 12:06:20 13:29:37 13:29:37 14:13:44
63 85 2317 1 534 451 08:03:46 09:20:44 09:46:25 10:59:39
25 36 1308 0 541 529 10:05:59 11:32:38 11:03:58 12:32:24
89 98 930 2 313 579 11:19:10 12:10:45 12:56:07 13:43:34
86 53 2479 0 322 404 09:11:19 10:52:21 10:18:03 11:51:04
9 55 1600 1 428 513 09:46:39 10:50:26 10:20:56 11:19:53
3 62 1644 0 469 550 12:50:33 13:48:00 13:01:07 14:23:25
29 38 1288 2 441 419 13:04:18 14:27:25 14:21:59 15:56:09
45 44 2026 2 566 537 09:42:58 10:46:13 10:06:10 11:59:22
93 49 2494 2 371 574 12:00:36 13:06:14 13:49:20 14:06:59
50 3 2149 2 328 529 08:23:50 09:46:05 09:17:53 10:44:19
24 23 1919 1 432 471 12:14:16 13:43:56 13:26:08 14:24:26
63 30 595 1 340 408 12:47:17 13:58:55 13:28:38 14:10:59
73 63 1741 1 465 589 13:16:49 14:24:09 14:35:52 15:43:31
15 46 948 0 600 507 10:34:04 11:55:56 11:48:42 12:18:42
37 85 2258 2 436 424 13:30:14 14:50:18 14:54:24 15:23:32
35 16 2339 1 342 344 10:47:52 11:23:21 11:17:26 12:06:55
15 66 1749 1 565 364 10:56:26 11:17:19 11:51:55 12:43:02
8 37 1576 0 507 329 08:23:13 09:25:25 09:21:18 10:32:11
71 36 536 0 512 427 09:20:27 10:26:43 10:42:00 11:10:01
59 19 2526 1 367 458 13:26:30 14:08:11 14:45:00 15:19:27
77 58 933 1 347 426 09:34:09 10:42:03 10:22:43 11:33:28
84 47 1451 2 368 478 10:52:15 11:29:00 11:06:36 12:18:52
42 50 937 1 464 586 11:51:58 12:19:37 12:11:33 13:35:51
92 99 846 0 333 399 12:37:40 13:19:29 13:49:38 14:00:38
82 99 1491 2 481 346 08:52:15 09:32:18 09:12:36 10:11:13
17 24 1689 0 308 467 09:53:26 10:39:22 10:41:43 11:05:59
96 29 781 1 339 518 09:34:44 10:07:43 10:34:48 11:55:25
78 58 1664 0 470 497 13:43:25 14:29:08 14:02:09 15:28:19
77 71 999 0 597 320 13:48:50 14:29:20 14:14:10 15:57:07
52 53 1784 2 498 553 11:08:05 12:03:19 12:19:44 13:25:37
91 71 754 0 521 561 11:52:21 12:10:14 12:18:14 13:11:48
59 12 2163 2 531 522 12:19:00 13:59:44 13:53:12 14:10:11
14 19 1557 0 516 322 09:07:04 10:07:27 10:23:16 11:27:17
37 68 2243 1 433 316 12:01:32 13:19:42 13:05:54 14:47:22
95 63 1447 2 468 497 12:02:42 13:58:55 13:38:44 14:36:06
36 27 932 0 342 474 08:15:54 09:38:46 09:02:58 10:21:27
29 12 2483 2 498 479 12:19:29 13:30:49 13:47:29 14:54:09
41 72 1236 0 423 532 11:49:17 12:44:58 12:35:00 13:48:42
46 66 2031 2 438 310 11:04:12 12:02:28 12:59:48 13:16:10
40 61 1520 1 354 592 12:07:10 13:22:30 13:11:08 14:00:03
9 56 1489 0 388 343 12:43:30 13:21:56 13:48:14 14:41:01
21 51 996 2 392 575 10:16:14 11:18:30 11:12:19 12:14:41
21 58 1321 0 480 468 10:35:30 11:08:18 11:26:24 12:54:49
38 42 2231 0 374 331 10:26:49 11:08:46 11:09:14 12:19:49
84 19 1004 2 592 581 13:40:39 14:18:25 14:18:29 15:43:51
69 39 1327 2 504 525 11:36:47 12:57:36 12:32:29 13:52:00
86 22 2318 0 491 520 08:24:36 09:38:11 09:30:09 10:42:38
74 62 1347 0 587 430 08:28:30 09:58:09 09:25:53 10:06:05
51 40 1511 1 444 314 09:32:11 10:44:45 10:08:43 11:15:49
47 11 2539 1 506 336 09:55:48 10:00:20 10:52:51 11:41:45
57 49 1746 0 535 462 08:49:17 09:54:22 09:05:07 10:15:49
36 62 1432 2 524 450 11:04:57 12:02:44 12:00:16 13:14:21
28 83 1458 1 457 493 08:40:44 09:18:25 09:22:49 10:06:20
31 12 2514 0 511 427 12:18:20 13:21:56 13:44:58 14:04:41
47 96 2485 0 492 460 08:22:26 09:15:41 09:07:25 10:39:07
94 29 1361 2 361 365 11:31:34 12:04:28 12:45:07 13:08:20
83 26 2505 2 510 518 10:16:08 11:06:44 11:50:51 12:21:10
93 94 1058 0 589 512 13:22:20 14:13:50 14:42:14 15:51:41
94 49 997 1 302 571 12:25:07 13:43:11 13:34:30 14:30:33
30 80 1202 1 575 459 12:27:47 13:58:01 13:33:18 14:38:18
8 63 1002 2 514 517 12:10:50 13:00:24 13:09:48 14:53:44
69 11 1289 0 595 461 13:05:42 14:51:20 14:58:02 15:18:23
67 37 1794 0 467 373 10:03:13 11:18:51 11:55:49 12:49:17
18 59 609 0 326 535 12:30:41 13:01:40 13:49:05 14:21:43
87 30 785 0 495 572 08:15:31 09:24:04 09:28:00 10:36:47
48 14 1887 0 525 471 10:01:30 11:56:14 11:02:01 12:53:31
83 28 1970 1 320 453 13:29:42 14:25:30 14:09:49 15:41:32
34 99 1596 0 395 501 11:46:22 12:57:05 12:09:57 13:11:24
94 92 1042 2 554 537 10:16:11 11:59:49 11:28:43 12:15:01
44 80 1871 1 366 554 11:00:24 12:31:56 12:00:58 13:19:50
22 26 1494 0 573 400 09:35:37 10:47:29 10:41:24 11:23:10
86 56 2419 1 400 449 12:16:00 13:33:05 13:00:06 14:06:20
45 85 999 2 383 338 11:17:19 12:27:08 12:14:56 13:19:19
60 32 1363 0 411 408 13:15:54 14:55:19 14:47:42 15:52:24
42 62 605 2 351 471 12:26:59 13:13:09 13:15:15 14:49:28
69 70 2040 2 414 427 13:51:17 14:12:25 14:33:28 15:42:09
37 50 2454 1 468 546 09:27:50 10:08:55 10:10:38 11:06:57
33 86 777 0 479 306 11:35:05 12:56:13 12:53:47 13:16:21
79 48 1960 2 431 456 13:05:44 14:35:57 14:49:57 15:39:22
15 66 954 0 320 541 13:28:09 14:47:03 14:24:10 15:33:03
52 48 1770 1 470 492 11:21:55 12:12:57 12:32:30 13:53:57
42 78 1120 0 587 534 08:37:41 09:08:25 09:32:00 10:05:53
54 84 754 1 381 569 12:20:35 13:13:04 13:58:59 14:46:21
74 58 1884 1 356 378 09:54:54 10:30:54 10:52:41 11:37:19
15 49 806 1 340 508 11:53:49 12:19:32 12:59:51 13:52:35
3 24 2339 2 468 362 13:29:22 14:27:07 14:40:49 15:20:32
91 29 627 1 562 446 13:30:42 14:44:25 14:13:20 15:06:08
99 98 1939 1 360 513 13:53:19 14:36:52 14:09:31 15:00:24
10 34 960 2 361 489 13:45:58 14:31:18 14:14:57 15:52:47
69 95 1924 2 428 361 08:22:41 09:52:47 09:01:59 10:28:49
50 62 1637 1 405 490 13:29:05 14:20:37 14:32:24 15:20:27
43 34 1409 2 482 375 11:49:23 12:52:42 12:48:29 13:55:55
83 30 937 1 498 384 13:53:12 14:34:39 14:37:58 15:35:16
75 52 1382 2 379 355 11:04:11 12:39:23 12:51:59 13:15:20
50 14 754 2 334 328 11:50:09 12:12:31 12:34:08 13:14:10
21 14 2137 0 305 449 10:22:42 11:03:37 11:29:53 12:28:50
21 23 1817 2 374 545 09:23:15 10:00:20 10:44:52 11:45:32
33 59 1533 0 530 342 09:39:53 10:17:10 10:30:53 11:35:02
80 24 1160 1 521 495 13:56:43 14:20:59 14:29:14 15:33:41
38 72 1165 2 369 576 13:59:40 14:06:05 14:53:52 15:14:51
19 23 805 1 559 548 11:02:28 12:36:44 12:40:12 13:16:26
38 5 983 1 444 434 08:37:44 09:10:36 09:18:43 10:57:30
36 68 588 1 405 338 10:05:59 11:08:25 11:10:43 12:20:16
64 88 1550 1 530 542 10:08:11 11:39:36 11:51:06 12:48:11
78 61 1872 1 503 499 13:50:50 14:57:04 14:16:04 15:00:04
92 81 1851 0 325 383 08:20:43 09:34:23 09:44:06 10:48:48
5 91 2238 0 517 571 13:42:16 14:13:49 14:32:47 15:07:07
28 9 1475 2 477 590 13:48:44 14:29:08 14:16:36 15:29:08
99 72 839 2 306 406 12:57:43 13:35:23 13:29:54 14:53:20
17 41 2074 2 548 317 09:44:20 10:37:58 10:20:11 11:07:35
91 67 833 1 427 535 10:54:52 11:37:19 11:03:46 12:04:36
84 82 2222 1 429 449 10:07:52 11:07:32 11:17:55 12:08:56
16 85 1975 1 600 379 11:04:24 12:54:58 12:17:08 13:32:40
29 77 540 0 507 532 10:26:31 11:26:22 11:45:35 12:00:46
36 28 1650 0 368 455 09:22:48 10:18:54 10:56:08 11:00:19
43 56 2151 0 343 588 12:33:04 13:26:08 13:35:51 14:15:37
27 35 1577 1 389 509 11:28:31 12:40:09 12:27:04 13:53:32
92 88 556 2 386 316 11:42:58 12:24:24 12:42:41 13:11:51
69 83 2302 0 529 490 12:33:49 13:55:10 13:02:48 14:03:59
43 86 1430 2 501 406 12:48:43 13:29:30 13:05:32 14:44:36
4 87 688 0 574 457 09:29:34 10:07:29 10:59:01 11:23:19
37 2 1465 2 491 568 12:11:25 13:54:40 13:50:19 14:37:05
46 76 2519 0 575 449 11:15:54 12:55:29 12:08:00 13:05:19
38 23 2046 2 561 551 12:33:21 13:03:48 13:31:07 14:26:04
94 87 747 1 576 499 13:13:24 14:56:57 14:37:50 15:18:04
11 24 1599 2 517 516 11:34:06 12:57:38 12:04:03 13:58:52
59 62 914 2 318 365 13:39:36 14:05:54 14:26:34 15:01:44
69 8 1726 2 511 340 08:05:16 09:25:29 09:08:51 10:23:06
6 31 1736 2 514 420 09:09:56 10:49:59 10:55:21 11:48:13
83 78 2373 2 321 468 08:16:05 09:42:07 09:44:02 10:12:26
16 28 666 1 543 497 12:39:58 13:57:34 13:06:56 14:09:48
85 82 1270 0 583 513 08:56:00 09:43:20 09:02:58 10:30:52
19 80 875 1 530 305 08:27:45 09:06:22 09:54:04 10:17:14
43 86 1182 1 375 523 11:28:06 12:02:04 12:37:15 13:36:46
16 86 2235 0 393 528 13:02:51 14:10:45 14:27:39 15:37:42
23 57 870 2 307 449 09:45:21 10:53:10 10:18:40 11:34:02
30 44 947 1 436 526 13:40:31 14:50:56 14:46:00 15:58:20
52 83 555 2 318 547 12:06:42 13:56:30 13:48:47 14:48:41
97 100 2539 2 464 403 08:02:33 09:13:23 09:16:46 10:14:14
6 72 1426 0 444 343 08:17:05 09:24:49 09:05:21 10:54:27
22 15 1279 0 356 493 08:55:28 09:08:23 09:29:45 10:22:26
68 56 687 2 433 434 13:41:36 14:54:35 14:47:33 15:02:12
47 70 826 1 447 315 10:06:58 11:01:43 11:53:50 12:29:22
67 28 1304 0 395 363 08:24:58 09:43:51 09:53:34 10:47:54
77 92 800 0 474 504 12:23:23 13:50:59 13:13:00 14:24:31
87 98 1527 0 574 446 12:46:51 13:13:30 13:16:18 14:55:10
54 81 826 1 391 447 10:24:18 11:32:41 11:18:34 12:52:55
68 13 849 2 304 318 11:24:45 12:55:38 12:38:49 13:09:51
97 85 868 0 557 496 08:45:53 09:20:14 09:34:27 10:10:57
56 30 1969 1 356 357 12:22:54 13:12:21 13:19:45 14:49:56
37 50 774 2 565 416 13:48:51 14:16:40 14:33:07 15:09:37
80 93 1517 1 336 375 08:26:10 09:41:14 09:06:02 10:20:25
59 30 1810 1 478 391 12:12:03 13:05:33 13:58:21 14:27:47
5 69 650 0 384 466 12:58:41 13:48:35 13:31:03 14:05:03
57 65 1943 2 328 583 12:44:55 13:38:52 13:57:06 14:00:53
2 93 911 1 522 342 11:15:18 12:45:55 12:15:24 13:12:04
42 69 877 0 417 585 08:22:32 09:51:42 09:58:58 10:24:10
73 21 1177 1 423 564 11:37:48 12:04:49 12:22:39 13:05:10
90 91 519 0 461 537 09:19:38 10:31:56 10:15:45 11:18:22
67 56 2518 2 456 531 09:12:54 10:51:21 10:58:13 11:09:14
16 72 2205 1 515 468 11:17:12 12:48:49 12:54:07 13:05:08
100 82 1520 1 308 461 10:23:32 11:45:38 11:51:24 12:08:19
64 66 1945 1 545 573 13:14:42 14:29:40 14:23:59 15:12:34
74 25 683 0 483 324 09:29:19 10:33:52 10:07:47 11:21:12
69 48 553 0 454 447 13:44:15 14:35:45 14:22:50 15:19:00
40 52 931 2 423 401 08:17:31 09:35:47 09:00:54 10:54:35
78 96 1316 2 500 550 09:43:09 10:35:17 10:52:48 11:25:32
30 54 1124 0 520 501 08:49:09 09:32:10 09:41:35 10:24:30
80 6 562 0 349 345 13:39:37 14:01:13 14:29:24 15:11:24
75 32 669 0 451 500 08:23:11 09:08:49 09:38:58 10:45:16
66 75 783 0 540 421 10:39:41 11:06:03 11:54:30 12:44:17
84 87 570 2 507 317 09:22:37 10:01:42 10:02:21 11:16:05
7 74 1379 1 416 478 13:46:37 14:17:01 14:27:28 15:51:32
67 52 1615 2 344 366 08:45:35 09:33:40 09:37:43 10:35:36
33 47 2050 2 486 461 08:14:21 09:39:13 09:44:01 10:23:43
34 91 976 2 390 360 12:35:17 13:06:05 13:37:06 14:56:12
39 47 2131 0 363 517 11:28:19 12:27:14 12:56:12 13:16:40
96 87 2193 2 468 569 11:14:18 12:29:42 12:03:40 13:18:57
71 88 643 1 486 375 12:17:56 13:19:12 13:44:37 14:46:47
85 81 1699 0 534 409 13:40:01 14:34:38 14:16:45 15:51:42
12 3 651 0 497 422 11:46:25 12:47:54 12:07:58 13:13:15
55 49 2228 0 534 588 13:46:06 14:23:15 14:21:48 15:19:06
30 82 1009 1 338 306 13:07:58 14:22:32 14:56:47 15:28:07
40 86 2515 2 536 344 10:56:06 11:55:24 11:09:40 12:13:01
32 94 920 1 544 353 10:08:06 11:57:41 11:04:36 12:23:18
12 16 799 0 426 501 11:18:32 12:34:56 12:14:24 13:51:28
90 28 1433 1 408 536 08:39:19 09:42:33 09:46:53 10:40:38
75 98 2329 0 375 455 09:32:27 10:50:43 10:57:47 11:34:53
79 28 823 1 523 558 08:19:58 09:44:16 09:21:53 10:03:25
28 29 1610 0 490 573 11:36:53 12:50:43 12:12:49 13:16:11
1 79 1594 0 314 314 13:36:21 14:32:05 14:43:48 15:01:52
35 78 1164 2 459 304 10:58:18 11:47:18 11:35:26 12:44:50
59 92 1903 0 373 328 10:59:54 11:43:15 11:03:22 12:48:23
67 38 1836 2 315 554 08:44:53 09:27:32 09:44:31 10:19:50
22 90 884 2 411 556 13:21:06 14:38:00 14:33:48 15:14:49
31 35 1489 0 502 549 11:31:13 12:03:04 12:38:42 13:22:56
77 88 1957 0 573 511 11:18:20 12:12:40 12:25:17 13:15:24
16 50 639 1 465 512 13:15:05 14:52:54 14:49:06 15:16:08
48 67 1282 2 376 413 12:14:48 13:47:47 13:22:48 14:12:36
18 64 2103 0 342 484 11:21:28 12:52:48 12:33:01 13:01:23
81 64 1525 2 334 575 08:45:22 09:42:14 09:17:32 10:45:40
26 27 681 1 362 508 10:24:37 11:34:48 11:45:14 12:20:04
2 62 2463 1 455 311 11:59:17 12:24:49 12:06:27 13:52:37
16 49 2450 1 329 328 12:24:27 13:14:29 13:56:27 14:19:50
62 24 2115 0 551 564 12:24:53 13:19:54 13:05:35 14:32:58
59 20 1154 0 547 439 08:56:31 09:07:30 09:59:51 10:41:23
11 14 1441 2 537 360 11:19:09 12:14:29 12:42:48 13:14:26
100 5 1995 0 338 421 12:31:53 13:11:05 13:46:24 14:30:25
40 12 1296 1 492 413 11:37:03 12:03:09 12:01:24 13:06:24
100 67 1450 1 405 408 10:55:15 11:35:24 11:50:59 12:32:24
20 63 513 0 397 453 09:50:04 10:20:34 10:55:38 11:38:19
92 95 2129 0 303 527 13:39:38 14:50:03 14:13:15 15:58:52
66 82 2278 1 347 485 13:24:54 14:14:18 14:14:14 15:45:34
51 2 613 1 512 414 09:38:29 10:44:51 10:24:38 11:17:15
17 23 2486 0 592 393 08:08:33 09:25:36 09:12:32 10:29:46
27 80 607 0 378 405 09:13:55 10:02:59 10:57:56 11:31:16
36 55 1397 1 511 416 13:20:16 14:50:45 14:35:52 15:17:04
12 20 1920 2 545 592 12:06:59 13:54:24 13:14:38 14:44:29
84 37 872 1 588 521 11:59:59 12:14:23 12:08:11 13:08:26
36 70 2261 0 434 319 12:04:31 13:27:53 13:09:12 14:46:26
86 94 1089 2 394 478 13:18:24 14:07:23 14:12:25 15:56:17
69 50 2300 2 568 408 08:55:04 09:34:45 09:32:49 10:33:24
61 28 792 0 455 325 10:23:42 11:13:15 11:45:43 12:01:48
75 23 1128 0 572 486 13:11:46 14:23:43 14:01:16 15:59:08
53 71 2436 1 449 542 08:08:01 09:07:02 09:55:27 10:24:40
32 34 792 1 437 441 12:05:28 13:36:05 13:52:53 14:33:59
13 8 2090 2 519 558 12:38:02 13:57:53 13:34:22 14:59:17
55 70 2377 0 546 577 10:45:05 11:52:08 11:34:34 12:30:05
67 24 1178 1 402 305 13:08:22 14:53:13 14:50:24 15:31:13
2 84 1310 0 424 359 12:10:17 13:12:03 13:20:21 14:56:06
89 81 655 1 322 500 12:13:00 13:12:23 13:06:00 14:35:34
21 53 542 1 455 452 11:24:14 12:35:26 12:29:03 13:44:07
18 12 2202 1 409 395 08:41:40 09:54:44 09:17:36 10:02:57
50 89 2354 0 470 600 11:37:30 12:19:44 12:42:34 13:11:05
53 4 688 0 469 461 09:31:52 10:10:49 10:57:31 11:06:45
13 51 975 1 497 550 12:10:04 13:48:41 13:12:50 14:42:56
71 84 2216 1 587 360 09:13:36 10:09:33 10:59:52 11:31:45
57 33 1793 0 471 411 12:57:53 13:01:11 13:57:11 14:45:18
81 29 1938 0 404 532 12:42:42 13:13:52 13:13:54 14:06:08
9 24 2007 0 359 524 10:06:38 11:49:06 11:10:13 12:34:23
69 92 1338 1 526 568 09:54:50 10:50:42 10:22:25 11:07:59
47 86 2062 0 375 560 11:04:12 12:00:52 12:38:11 13:59:27
73 83 1272 2 444 542 12:51:58 13:54:26 13:29:50 14:50:29
97 73 2428 2 481 386 10:25:01 11:00:27 11:53:33 12:35:08
33 19 1218 0 562 563 08:17:00 09:34:55 09:42:25 10:56:31
34 14 1562 1 356 579 12:37:15 13:16:27 13:36:37 14:28:04
69 56 1863 1 419 512 08:43:29 09:42:17 09:19:07 10:56:46
39 31 2019 1 320 375 08:04:30 09:18:29 09:05:58 10:57:46
11 92 1506 1 446 557 13:15:54 14:15:20 14:48:26 15:16:50
74 7 2532 0 415 393 13:11:50 14:43:29 14:37:17 15:50:35
30 76 1633 0 406 473 13:54:42 14:08:05 14:33:54 15:26:31
77 1 2036 2 568 524 11:04:53 12:05:59 12:22:58 13:11:35
50 79 1429 0 424 412 09:43:38 10:37:52 10:39:48 11:17:25
15 34 2163 1 393 415 13:42:41 14:58:04 14:47:55 15:16:44
73 8 750 1 370 357 13:51:34 14:52:43 14:12:07 15:45:28
30 100 1256 1 419 372 08:51:09 09:51:58 09:14:45 10:44:51
78 82 2421 2 553 532 08:27:34 09:21:01 09:57:32 10:08:59
14 11 1017 2 587 440 10:02:47 11:06:34 11:13:15 12:59:26
97 19 2420 0 301 494 12:39:54 13:27:42 13:13:19 14:54:50
67 97 1186 1 398 508 13:54:31 14:06:35 14:47:34 15:09:12
51 71 716 1 535 425 12:33:34 13:10:57 13:50:29 14:52:15
5 2 598 2 472 465 12:18:15 13:44:36 13:36:53 14:59:18
72 34 1959 1 495 570 10:54:07 11:07:12 11:14:35 12:41:10
38 5 1928 1 530 582 12:01:57 13:14:20 13:21:50 14:34:50
86 12 1809 1 482 599 12:28:38 13:46:26 13:53:38 14:55:13
93 2 2495 2 543 360 10:55:11 11:04:27 11:19:54 12:21:01
61 47 1579 1 431 494 13:25:53 14:08:59 14:21:29 15:43:23
30 62 1582 2 508 308 09:53:26 10:58:45 10:44:41 11:53:29
45 41 1977 2 508 504 11:20:47 12:38:43 12:27:54 13:24:42
24 47 1185 0 513 574 12:48:32 13:51:18 13:51:52 14:42:23
54 23 1528 0 492 351 08:13:03 09:34:57 09:58:35 10:18:51
20 7 586 0 537 445 09:58:07 10:29:21 10:47:24 11:14:12
11 54 2107 2 402 387 12:48:39 13:51:48 13:32:56 14:05:28
64 78 838 1 514 483 08:42:27 09:13:29 09:32:43 10:46:37
